"Deforestation";"Elevation";"Slope";"Dist_River";"Dist_Road"
1;288;2.08670234680176;3.25269116210938;5.67978857421875
0;362;0.757441759109497;11.0308662109375;5.47083154296875
0;320;1.86607801914215;5.92368115234375;117.0710859375
0;414;4.52063751220703;7.6;60.5152890625
0;326;6.07549238204956;5.7035078125;88.722546875
0;318;0.745613276958466;2.35372045898438;83.212078125
0;339;9.77074146270752;1.56524755859375;56.8
0;360;6.13271474838257;4.40454296875;4.96487646484375
0;394;4.15789699554443;1.1;47.38291015625
0;306;1.11362397670746;3.52278295898438;5.63205126953125
0;522;0.516216993331909;8.800568359375;31.2648359375
0;443;2.99752473831177;5.23927490234375;55.78996484375
0;299;0.948575079441071;1.88679626464844;6.26258740234375
0;315;4.3844895362854;2.72946875;9.2962353515625
0;352;2.02849698066711;11.842296875;30.153275390625
1;284;2.80311322212219;11.161541015625;3.20156201171875
0;291;3.19033217430115;3.66742407226562;7.1
0;329;2.38893342018127;9.7908125;5.96657373046875
1;285;1.07968187332153;2.43310498046875;9.073587890625
0;361;2.12476301193237;7.06823876953125;73.27653125
0;366;0.717179775238037;2.81780053710938;15.6012822265625
1;318;3.41228246688843;7.01783447265625;16.456001953125
0;312;0.884200215339661;2.60768090820312;49.024484375
0;344;1.96122741699219;6.7955869140625;87.961921875
0;406;1.28675210475922;12.0652392578125;34.73240625
1;318;2.85393381118774;5.63560107421875;8.8645361328125
0;396;3.22681951522827;8.579626953125;5.805169921875
0;331;3.17294502258301;2.28035083007812;11.8848642578125
0;373;0.531341016292572;6.58559033203125;45.18075
0;423;5.51687812805176;2.60192236328125;10.3445634765625
0;457;3.55244183540344;6.74462744140625;13.20037890625
0;335;6.80216550827026;4.90917529296875;64.49868359375
0;363;1.52068877220154;5.44518115234375;25.5986328125
0;315;2.22661709785461;3.9;68.7968046875
1;411;0.919633388519287;4.83321826171875;14.6874091796875
0;365;2.81610321998596;6.5;2.9
0;347;0.755793511867523;3.67695532226562;38.333796875
0;323;2.69909620285034;4;115.8172734375
0;415;0.883120000362396;10.4307236328125;39.92755859375
0;338;2.47525405883789;7.8816240234375;99.9794453125
0;383;8.60357666015625;5.07740087890625;8.8090859375
0;291;7.32390117645264;0.4;11.9105
0;446;1.17657375335693;5.88217626953125;15.4019482421875
0;411;2.83166241645813;4.75394580078125;4.3046484375
0;267;0.459368467330933;0.223606796264648;3.93573364257812
0;427;2.61174702644348;5.50363525390625;40.04809765625
0;312;1.54038453102112;2.58069750976562;106.268578125
0;332;0.904404103755951;2.88444091796875;76.2291953125
1;274;1.56613981723785;0.4;9.090654296875
0;367;0.594053864479065;11.5974130859375;32.40771484375
0;351;2.2137451171875;4.04969140625;63.40859375
0;449;8.42769336700439;7.0576201171875;41.51590234375
1;373;1.61708199977875;2.4351591796875;11.4280361328125
0;371;1.64737462997437;5.0803544921875;26.647513671875
0;313;1.2299131155014;4.58039306640625;19.816154296875
0;417;3.60599875450134;2.35372045898438;15.9012578125
1;411;4.56239414215088;5;27.0068515625
0;516;1.36311566829681;4.90917529296875;21.86618359375
0;383;10.2903118133545;8.05294970703125;78.419703125
0;320;2.03251099586487;2.88444091796875;22.597787109375
0;311;0.924004018306732;10.9073369140625;58.64170703125
0;361;2.46905827522278;7.11688134765625;53.8250859375
0;294;2.34988570213318;5.12640234375;2.98328686523438
0;288;0.872718751430511;11.4280361328125;2.6
0;338;0.746736168861389;2.94108813476562;64.10280859375
0;465;1.48621499538422;15.243359375;12.4422666015625
1;316;1.57940936088562;0.640312438964844;47.43775
0;300;1.91265559196472;1.9;109.102703125
0;528;2.18245315551758;7.46726171875;37.42419140625
0;292;1.91331160068512;0.447213592529297;49.72574609375
0;304;1.01158845424652;0.921954467773438;44.91347265625
0;409;5.38765859603882;5.474486328125;57.03753125
1;326;2.54468846321106;0.141421356201172;1.61245153808594
0;379;1.21831560134888;3.82753173828125;26.495470703125
0;328;2.6534903049469;3.39411254882812;44.6010078125
0;343;1.79885101318359;3.51140991210938;22.53996484375
0;286;1.68918788433075;0.5;18.168654296875
0;339;7.09190607070923;0.7;61.04465625
0;354;1.19980943202972;3.98120581054688;40.25941015625
0;388;1.8376225233078;6.30634619140625;25.7
0;268;0.73821347951889;0;4.75394580078125
0;368;1.97180342674255;10.3227900390625;27.1118046875
0;486;1.07745552062988;3.76430615234375;11.22719921875
0;377;9.09529495239258;2.5;11.9920810546875
1;272;0.612994849681854;4.770744140625;5.208646484375
1;359;4.5287823677063;5.86685595703125;50.843484375
0;362;0.772031962871552;7.227724609375;37.91108203125
0;443;9.00205898284912;9.1263359375;18.196978515625
0;343;1.92985439300537;4.0607880859375;62.45518359375
0;316;0.648199677467346;2.0591259765625;89.8053984375
0;331;3.70158076286316;12.0805625;28.00660546875
0;271;1.91289794445038;5;12.7263505859375
0;415;12.4828815460205;3.46554467773438;1.26491101074219
0;401;10.6021213531494;5.31507275390625;1.40356689453125
0;461;7.30947160720825;2.80178515625;21.3241640625
0;478;2.28458619117737;7.55843896484375;57.3223359375
0;306;1.13339400291443;0.894427185058594;46.04345703125
0;334;0.632633924484253;5.5317265625;46.41777734375
0;325;0.578754663467407;0;40.79669140625
0;302;1.25339305400848;2.69072485351562;17.098537109375
0;423;2.52712059020996;4.7413076171875;6.78822509765625
0;295;2.9243860244751;0.905538513183594;31.203205078125
0;312;1.43732285499573;0;13.2098447265625
0;435;3.68533897399902;1.6;32.90775
0;395;1.62554335594177;4.38634228515625;25.8155
0;325;2.58686804771423;4.1109609375;71.7078125
0;347;2.76743292808533;3.08058447265625;63.17823828125
0;317;7.27989435195923;0.670820373535156;73.69803125
0;390;2.58512234687805;1.3928388671875;12.880994140625
0;371;1.26214146614075;1.36014709472656;16.4210234375
0;376;0.559792637825012;2.024845703125;82.86790625
0;326;2.23103308677673;5.738466796875;12.7757578125
0;325;1.31012988090515;1.83847766113281;36.61966796875
0;444;9.3031759262085;1.43178210449219;26.570849609375
0;325;2.47188973426819;1.8;108.528796875
0;300;10.4692478179932;0.781024963378906;20.1801875
0;416;1.00434982776642;4.669046875;0.8
0;343;1.39360880851746;10.5342294921875;5.692099609375
0;339;1.972292304039;4.272001953125;103.9334921875
0;350;5.02028846740723;0.141421356201172;19.312689453125
0;308;9.3145809173584;0.424264068603516;28.0919921875
0;324;1.83839201927185;6.02079736328125;78.09865625
0;475;4.39955949783325;2.3021728515625;12.224974609375
0;380;5.72461271286011;4.220189453125;25.578505859375
0;368;5.70086574554443;8.121576171875;18.93911328125
0;418;1.51645338535309;8.7091904296875;56.91546484375
0;358;1.38075399398804;5.2201533203125;22.785302734375
0;401;0.923310101032257;3.62215405273438;38.26551953125
0;339;0.610210537910461;7.90759130859375;49.92884765625
1;264;1.7327595949173;0.424264068603516;10.4307236328125
1;286;0.573572814464569;4.2;8.0777470703125
0;394;8.34610080718994;4.4;53.48990625
0;432;2.85528564453125;12.5447197265625;6.64830810546875
0;349;2.64726614952087;6.618912109375;6.23939111328125
0;330;0.425602108240128;13.9617333984375;17.14788671875
0;331;3.60631322860718;2.03960778808594;39.95422265625
0;327;2.23792362213135;1.55563488769531;19.18462890625
0;415;2.00622749328613;8.1908486328125;39.80678515625
0;371;1.21110546588898;9.5;20.5
0;454;6.69606924057007;1.38924438476562;27.6211875
0;381;2.26912260055542;4.88364599609375;35.17101171875
0;373;0.787188768386841;4.32666162109375;24.308228515625
0;333;1.63300919532776;1.42126708984375;37.1441796875
1;298;1.97291088104248;2.47386328125;17.046994140625
0;366;4.42046213150024;1.04403063964844;13.6565
0;414;9.22045421600342;2.8425341796875;22.907205078125
1;333;1.6401309967041;1.56204992675781;4.25793359375
0;254;0.597668349742889;0.447213592529297;8.4095185546875
0;403;8.81910514831543;9.219544921875;11.308845703125
0;374;4.86167240142822;1.33416638183594;31.022734375
0;363;12.5813035964966;0.282842712402344;47.30169140625
0;312;1.46550273895264;1.06301452636719;12.0066650390625
0;282;1.53545558452606;1.9;3.19530908203125
1;362;1.1919219493866;9.055384765625;43.15611328125
0;447;0.858950734138489;4.03112890625;25.240046875
0;278;0.723428428173065;2.549509765625;11.859595703125
0;366;9.41827011108398;2.48394848632812;34.02190625
0;346;2.50037860870361;5.72800146484375;91.1180546875
0;361;1.73068785667419;0.509901947021484;33.10740234375
0;304;0.835645437240601;3.40587719726562;9.2282177734375
0;364;3.07706546783447;9.9809814453125;15.3055546875
0;333;0.465116918087006;11.18033984375;45.67099609375
0;315;5.45611619949341;4.661544921875;13.462912109375
0;272;0.923475444316864;8.06101708984375;8.22009765625
0;360;7.34194803237915;8.8600224609375;120.3879140625
0;456;1.52156674861908;1.38924438476562;59.60134375
0;374;2.09506487846375;6.00083349609375;65.209890625
1;435;2.15084147453308;9.4921015625;21.0641875
0;520;2.52332019805908;12.1264169921875;33.15675
0;440;6.93392086029053;7.01783447265625;44.4932578125
0;323;0.972734034061432;6.90507080078125;40.18980078125
0;351;2.64613938331604;2.94108813476562;29.289759765625
0;310;2.82903456687927;2.41660913085938;67.24284375
0;333;1.48444008827209;8.4864599609375;11.9201513671875
0;355;1.54748356342316;5.4230986328125;93.254921875
0;371;3.98910737037659;6.37808740234375;44.91603125
0;400;2.6162645816803;3.3;45.52471875
0;346;0.927165031433105;9.060353515625;37.58204296875
1;336;1.12191998958588;1.8;47.512734375
0;394;3.65965008735657;3.57770874023438;48.48762890625
0;446;6.64829301834106;4.69574267578125;41.667375
0;313;1.78727376461029;0.824621154785156;64.68662890625
0;343;1.96372950077057;4.21544775390625;53.2738203125
0;407;12.6447830200195;1.3;61.92002734375
1;337;1.22893118858337;7.4793046875;52.5837421875
0;348;1.55067157745361;3.8626416015625;24.041630859375
0;327;1.29214179515839;8.2462109375;109.26609375
0;331;0.746216356754303;1;11.79025
0;348;2.93442392349243;5.2;39.90401171875
0;342;1.78954935073853;0.7;102.073109375
1;432;2.81570529937744;9.454099609375;3.66742407226562
0;463;3.1496741771698;4.5617978515625;31.756888671875
0;303;1.02974820137024;2.30867919921875;72.9032265625
1;276;1.13869297504425;7.76208740234375;17.081568359375
0;341;1.13797998428345;7.545197265625;68.42134375
1;336;3.50321054458618;11.1359775390625;11.5017392578125
0;294;0.906535744667053;0.3;91.487484375
0;496;1.1721385717392;1.38924438476562;33.32896484375
0;498;3.32230424880981;3.40587719726562;10.94029296875
0;353;1.29884469509125;12.4402568359375;27.85246875
0;323;3.42692589759827;1;76.7704375
0;323;0.623090982437134;8.095677734375;97.8198359375
0;369;5.49007987976074;1.30384045410156;36.49726171875
0;306;1.29387068748474;6.33482421875;19.25850390625
0;394;1.46637296676636;5.04479931640625;22.46174609375
0;373;2.77760124206543;9.4868330078125;120.907609375
0;319;0.939368009567261;1.42126708984375;11.8600166015625
0;393;5.36897993087769;4.4;19.766890625
0;472;3.28584289550781;8.2152294921875;45.000109375
0;354;2.25382995605469;11.6824658203125;37.52252734375
0;331;0.533844649791718;3.98246166992188;85.91275
0;344;1.43164670467377;6.37887158203125;76.4139375
0;319;1.05617499351501;1.83847766113281;66.506015625
0;436;5.24557113647461;1.8;55.02326953125
0;416;4.11265850067139;5.5226806640625;1.72626770019531
0;352;1.04892241954803;6.13921826171875;27.87274609375
0;382;1.6422678232193;3.32866333007812;77.4584375
0;390;8.02026653289795;5.06063232421875;26.758923828125
0;344;8.03241348266602;3.289376953125;65.147984375
0;378;1.797687292099;4.118251953125;51.929953125
0;344;4.14454507827759;4.4654228515625;56.54423046875
1;309;0.689496278762817;3.96232250976562;0.141421356201172
1;438;0.925562918186188;5.32353271484375;15.4557431640625
0;302;1.055992603302;0.5;96.1251796875
0;473;3.04462885856628;4.17731982421875;47.34258203125
0;334;2.26086020469666;2.72946875;52.69126953125
0;474;1.01545214653015;0.5;25.00080078125
0;374;2.17268466949463;3.3600595703125;24.443609375
0;427;6.74217367172241;12.23192578125;16.0181142578125
0;337;2.07313466072083;8.8413798828125;89.19921875
0;347;1.34426665306091;0.806225769042969;57.46659765625
0;310;1.05356574058533;1.20830456542969;70.316
0;287;3.99233651161194;2.46981787109375;0.1
0;295;0.405640870332718;5.5317265625;81.6221171875
0;325;2.20092964172363;12.5399365234375;121.2742734375
1;405;2.36249995231628;3.99624829101562;19.795201171875
0;345;1.2465991973877;7.28628857421875;90.8894921875
0;280;0.723494291305542;0.223606796264648;4.604345703125
1;421;7.02146005630493;0.761577331542969;6.8066142578125
0;379;1.85260128974915;1.70880078125;20.3
0;350;0.831596851348877;12.257650390625;47.78964453125
1;262;1.29674434661865;0.806225769042969;7.43034326171875
0;339;4.11210870742798;10.068763671875;120.1011640625
1;376;6.56747770309448;4.78016748046875;1.11803393554688
0;306;1.36216938495636;3.25576416015625;40.9565625
0;440;5.41199111938477;2.69258251953125;33.901328125
0;460;3.1896755695343;4.2011904296875;17.626400390625
0;384;3.23802161216736;7.5802373046875;38.99358984375
1;304;7.21174097061157;0.9;10.6103720703125
1;349;4.21838474273682;1.36014709472656;15.8647412109375
0;323;2.20545864105225;14.28040625;111.6044765625
0;303;0.258928865194321;0.5;64.70123828125
0;385;2.85047960281372;5.62227734375;16.565326171875
0;488;2.11911654472351;3.1304951171875;46.8728046875
0;294;1.81219625473022;6.57419189453125;2.8
0;401;7.74864339828491;8.3240615234375;18.847015625
0;309;1.33355867862701;0.894427185058594;82.60853125
0;530;3.5901780128479;11.2614384765625;4.904080078125
0;473;3.18889164924622;1.1045361328125;59.8
0;413;2.34521055221558;6.70074609375;32.229955078125
0;313;1.27045404911041;1.17046997070312;59.89490625
0;355;1.13332211971283;0.984885803222656;98.73059375
0;395;1.85196709632874;4.29534619140625;34.64390234375
0;429;7.16265392303467;2.061552734375;19.1
0;368;1.17850089073181;9.8858486328125;13.418271484375
0;334;5.82993221282959;2.02237487792969;29
0;355;1.58752810955048;4.3081318359375;16.09005859375
0;475;1.9244225025177;0;11.7106787109375
0;459;5.73171472549438;7.07248193359375;43.11890625
0;318;1.93555927276611;3.40147021484375;106.0871796875
0;408;9.52983283996582;2.8301943359375;52.55787109375
0;315;1.54877090454102;3.57770874023438;9.8290390625
0;326;1.73549044132233;5.903388671875;54.3124296875
0;345;1.59317564964294;13.315404296875;3.3
0;402;2.13893842697144;3.6;45.21869140625
1;341;1.86150538921356;7.2006943359375;23.34309375
0;306;1.01241230964661;5.86685595703125;101.4071015625
0;421;3.30526757240295;4.8;13.509255859375
0;341;3.47046399116516;3.22024853515625;45.004
0;457;3.74421501159668;4.53982373046875;10.35760546875
0;348;1.5273654460907;5.115662109375;11.88780859375
0;485;1.90652084350586;2.061552734375;5.02891650390625
0;403;2.00026082992554;6.32455517578125;15.585890625
0;480;9.35900020599365;2.7;22.756318359375
0;349;1.40630722045898;8.732125;71.94025
0;354;3.98526573181152;8.5023525390625;5.18844873046875
0;354;3.12079501152039;8.3294658203125;117.1804140625
0;410;2.54017448425293;4.76759912109375;54.218078125
1;301;0.257067978382111;2.64764038085938;4.8373544921875
0;283;2.31537246704102;3.4;15.427572265625
0;327;1.46074819564819;7.00927978515625;83.517484375
0;357;6.21481895446777;0.943398132324219;32.209935546875
0;319;0.52126008272171;3.89486840820312;101.9589140625
0;420;3.23831820487976;7.0256669921875;59.9160234375
0;364;2.39594960212708;8.09197119140625;13.0291982421875
0;327;1.8299515247345;10.55509375;8.3240615234375
0;350;6.31924819946289;9.0609052734375;67.603625
0;340;1.69241321086884;6;24.800806640625
0;367;1.57738101482391;7.4330341796875;23.1572890625
0;418;2.23968100547791;5.96154345703125;22.532865234375
0;356;3.83014106750488;11.8308916015625;60.27420703125
0;337;0.899133205413818;9.8;84.908953125
1;333;0.66748458147049;5.546169921875;78.3316015625
0;372;0.431487828493118;3.51140991210938;31.11301953125
0;304;0.619637727737427;2.37697290039062;92.9449296875
0;364;1.09448790550232;6.80147021484375;21.733154296875
0;324;1.4010454416275;2.02237487792969;78.4594765625
1;325;2.37750244140625;4.27551171875;4.5617978515625
0;368;0.464587301015854;6.1;34.307578125
0;369;8.72611713409424;0.948683288574219;62.60071875
0;532;1.11222004890442;2.28035083007812;23.2206796875
1;346;0.53632515668869;4.2059482421875;43.0204609375
0;356;1.13512825965881;0;41
0;410;8.25732040405273;10.4;13.4836943359375
0;366;1.94450151920319;6.31981005859375;98.8213046875
0;312;2.10971260070801;1.30384045410156;91.1250234375
0;342;1.87328910827637;3.81837670898438;26.487732421875
0;338;1.60800433158875;6.1741396484375;69.5437265625
0;312;1.23515713214874;2.9120439453125;59.8962421875
0;441;4.43837261199951;0.58309521484375;9.4244365234375
0;394;0.960693180561066;4.9929951171875;40.64443359375
0;412;5.60886859893799;2.74590600585938;22.671568359375
0;308;0.753143489360809;2.66833276367188;76.034796875
0;301;1.74807178974152;0.5;110.1581171875
0;373;0.735704183578491;10.182337890625;14.115240234375
1;379;3.27020716667175;6.6241982421875;20.940390625
0;423;1.41951966285706;5.52177490234375;12.96341015625
0;398;2.29856443405151;8.2565126953125;1.3
0;328;1.55665612220764;5.2354560546875;83.037640625
0;371;3.21023154258728;3.88329760742188;36.68528125
0;334;1.54182994365692;11.8680244140625;31.34405859375
0;328;2.11256718635559;4.62385107421875;67.7262890625
0;364;0.939835965633392;1.56204992675781;30.585126953125
0;351;2.03928709030151;9.9322705078125;121.8001640625
0;353;1.13116455078125;12.4458828125;0.509901947021484
0;379;1.06897246837616;4.38292138671875;107.492328125
0;365;6.28018522262573;10.9567333984375;19.88617578125
0;365;2.42606139183044;3.2;70.725453125
0;326;1.89616298675537;11.783462890625;34.66554296875
0;275;2.56229853630066;0.632455505371094;14.286357421875
0;347;1.55588710308075;11.7720009765625;113.614828125
0;328;0.954813182353973;0.984885803222656;41.64540625
1;356;8.80947971343994;1.11803393554688;8.64927734375
0;314;0.329522728919983;0;54.7220234375
0;458;4.06830739974976;3.45253540039062;27.421341796875
0;344;3.61593747138977;4.42831787109375;15.0216513671875
0;311;2.33049702644348;0.509901947021484;57.148578125
0;334;2.3560004234314;3.55105615234375;79.8476640625
0;532;3.23942255973816;6.706712890625;38.37512109375
0;365;10.4165897369385;0.223606796264648;52.1
0;405;1.51318490505219;0.905538513183594;20.324615234375
0;319;1.28708696365356;4.68401513671875;4.8662099609375
0;322;1.74544298648834;2.69258251953125;94.3649296875
0;278;2.11455869674683;0.761577331542969;6.2936474609375
0;253;0.68064284324646;0.5;10.14001953125
0;320;1.3020031452179;0.640312438964844;73.1585234375
0;327;1.21308588981628;3.70135107421875;92.558359375
0;337;2.05422496795654;4.318564453125;60.29037890625
1;270;2.7659432888031;0.806225769042969;0.1
0;476;1.84667861461639;5.7489130859375;21.574521484375
1;285;1.29743528366089;2.6;9.7097890625
0;333;3.03653049468994;3.66742407226562;24.707287109375
0;414;4.6155481338501;3.61247827148438;15.3834326171875
1;319;0.799882233142853;8.3522451171875;3.9
0;354;1.03079342842102;9.9005048828125;120.6709609375
0;484;1.79732894897461;4.604345703125;2.65706616210938
0;344;7.9323582649231;0.8;80.455515625
0;360;1.86837816238403;3.53553393554688;76.5190859375
0;344;2.71445941925049;7.51664794921875;73.2319609375
0;329;1.3165283203125;5.00899169921875;12.7003935546875
0;312;4.23157835006714;2;25.156310546875
1;276;2.62834143638611;5.40092578125;12.2776220703125
0;385;2.11217451095581;1.61245153808594;39.9
0;410;8.50206756591797;2.08806127929688;20.460693359375
1;341;2.79202723503113;5.590169921875;55.02044921875
0;382;3.10108399391174;1.4;35.5168984375
0;511;4.64720726013184;5.1;7.2917763671875
0;437;8.37351322174072;5.85235009765625;24.61625390625
0;404;2.19183230400085;9.7046376953125;32.400154296875
0;284;0.9335116147995;8.8459033203125;5.67978857421875
0;316;2.15027356147766;2.05182836914062;21.458099609375
0;340;1.82773494720459;4.42718896484375;40.3
0;332;2.51137685775757;0.223606796264648;40.53060546875
0;383;5.94144916534424;7.7524189453125;75.5026484375
1;359;1.77989649772644;0.921954467773438;35.3413359375
0;332;8.9260139465332;5.06063232421875;11.311056640625
0;541;0.540632545948029;4.0607880859375;29.834376953125
0;408;1.07852280139923;0.223606796264648;2.26274169921875
1;282;2.53380846977234;6.720119140625;7.88733154296875
0;318;2.44144797325134;7.2422373046875;22.16235546875
0;446;1.69865250587463;7.94040283203125;10.2
1;324;3.61771059036255;6.32455517578125;9.9
0;257;1.24815142154694;0.640312438964844;7.1512236328125
0;393;5.23729848861694;8.500587890625;15.0615400390625
0;358;1.14905893802643;5.8;41.19902734375
0;397;2.34131717681885;5.300943359375;42.75628515625
0;333;0.4111088514328;2.2;30.800162109375
0;335;0.904891014099121;7.87146728515625;55.4373515625
0;366;1.62371671199799;8.729833984375;21.43944921875
0;347;2.82173871994019;2.5;101.9412578125
0;361;1.35407745838165;3.84187451171875;23.691560546875
0;383;6.99294281005859;5.16236376953125;67.9742578125
0;377;2.77902007102966;2.60768090820312;31.797169921875
0;481;9.25308418273926;2.23606787109375;49
0;340;1.83373939990997;4.6529560546875;46.81591796875
0;376;1.55447483062744;5.94810888671875;24.21673046875
0;479;3.62224388122559;3.13847094726562;36.91097265625
1;301;2.30090236663818;0.6;18.8403828125
1;376;0.877031624317169;2.69258251953125;31.303673828125
0;375;1.54973959922791;5.7688818359375;28.002857421875
1;298;2.03482699394226;7.0661162109375;8.402380859375
0;313;3.78433895111084;1.91049731445312;13.9488349609375
0;286;0.984050095081329;6.74166162109375;2.6
0;449;7.28544616699219;0.282842712402344;32.247169921875
0;432;4.72123432159424;7.87146728515625;3.82753173828125
1;275;0.571892261505127;1.83847766113281;6.2936474609375
0;407;7.7980580329895;13.6400146484375;21.125576171875
0;458;4.779221534729;5.25547314453125;56.9
0;389;0.671193361282349;2.26715673828125;21.457400390625
0;291;0.642841935157776;1.20830456542969;25.50313671875
0;369;0.785874426364899;10.80462890625;78.5825078125
1;330;0.406952500343323;0.1;0.806225769042969
0;314;0.892300426959991;3.62215405273438;113.3588984375
0;322;1.78163015842438;3.29848461914062;89.732546875
1;376;1.15348756313324;6.92603759765625;36.158125
0;439;7.30266857147217;6.0827626953125;8.005623046875
0;292;2.1509325504303;1.1045361328125;14.7091806640625
0;289;1.08662271499634;0;90.85290625
0;373;2.39901685714722;5.903388671875;2.25610278320312
0;326;0.635898590087891;10.7447666015625;47.13321484375
0;307;0.796635806560516;2.98328686523438;94.1650703125
0;381;3.40690565109253;11.7711513671875;32.6119609375
0;317;0.944176971912384;13.0816669921875;34.36815234375
1;349;1.09114670753479;8.621484375;38.1875625
0;486;1.19903314113617;5.16236376953125;16.0561513671875
0;338;1.92878401279449;6.90507080078125;103.50584375
0;344;1.47016561031342;13.5181357421875;30.577279296875
0;324;1.86639165878296;7.30821435546875;94.087296875
0;352;1.81230890750885;4.1;10.4938076171875
1;284;8.53773403167725;0.989949523925781;20.042205078125
0;330;2.7275550365448;4.6;44.9244921875
0;337;6.67806482315063;7.8854296875;15.5
0;320;0.505864679813385;1.5;69.2116328125
0;371;1.3092497587204;3.82753173828125;36.6721953125
0;429;6.47367095947266;3.22800244140625;16.1276162109375
0;392;5.011399269104;2.40208251953125;20.564533203125
1;344;1.766392827034;7.1119619140625;3.51140991210938
0;535;3.13517427444458;0.761577331542969;27.115494140625
1;273;2.50386095046997;1.1045361328125;3.04138134765625
1;286;1.75192904472351;3.114482421875;7.84091845703125
0;420;0.414515525102615;12.9973076171875;34.75413671875
0;429;4.8139705657959;4.661544921875;0.141421356201172
0;295;3.66217160224915;3.679673828125;1.5
0;310;1.6581883430481;6.38122265625;2.64196899414062
0;353;1.23384666442871;7.66550732421875;87.0843828125
0;370;6.18316268920898;2.14709106445312;55.103265625
0;306;0.490701407194138;0.360555114746094;68.88628125
0;266;2.76829099655151;0.7;1.41421362304688
0;395;3.92117428779602;13.1103017578125;34.85799609375
0;318;2.9150767326355;6.185466796875;13.3794619140625
1;346;0.541379332542419;11.0136279296875;42.1203046875
0;328;1.13049972057343;2.624880859375;25.938388671875
0;345;0.619230926036835;10.6962607421875;11.80677734375
1;328;1.10621666908264;10.040916015625;48.77786328125
1;420;2.51536846160889;3.93954321289062;41.434890625
0;450;1.72441053390503;8.13941015625;19.160375
0;397;1.00205504894257;4.49444091796875;27.72814453125
0;426;2.1493284702301;1.42126708984375;15.9176005859375
0;282;1.83696258068085;0.282842712402344;11.22942578125
0;355;2.33882594108582;7.22495654296875;66.9060546875
1;309;1.52541792392731;5.3851650390625;3.40147021484375
0;353;1.54002904891968;7.47261669921875;2.68328149414062
0;310;1.09204971790314;5.32353271484375;31.141611328125
0;345;2.80495929718018;2.01246118164062;36.12326171875
0;310;4.08722066879272;9.5482978515625;22.65259375
0;401;2.60786056518555;5.60802978515625;39.4930390625
0;418;2.07745313644409;6.40078125;23.201939453125
1;307;1.16344487667084;8.8588935546875;18.2332109375
0;352;1.38720536231995;3.679673828125;38.34709765625
0;395;1.50957846641541;4.455333984375;25.854400390625
0;366;1.90798556804657;9.5;73.7358828125
0;402;1.68246257305145;3.00166625976562;22.405580078125
0;334;7.23841524124146;4.25793359375;68.0360234375
0;362;1.1552540063858;3.52278295898438;31.12635546875
0;376;3.25759124755859;7.5802373046875;9.64261328125
1;292;2.70097923278809;4.68401513671875;21.780724609375
0;308;1.13887238502502;2.7;95.0681875
0;439;1.51462984085083;1.99248583984375;7.2
0;290;2.36407566070557;4.58802783203125;7.76208740234375
0;318;1.10732889175415;2.60768090820312;94.9152265625
0;419;3.18217420578003;6.00832763671875;6.8359345703125
0;329;0.955641746520996;11.9970830078125;77.788046875
0;284;2.0384304523468;3.02324340820312;9.47048046875
0;526;1.13395571708679;9.3471923828125;35.94008984375
0;313;3.33347868919373;1.78044934082031;71.723078125
0;310;0.959591567516327;4.632494140625;116.4010703125
1;326;1.15989780426025;10.42353125;28.595455078125
1;375;2.18443512916565;5.331041015625;10.374005859375
1;401;5.92113971710205;5.18652099609375;36.44969140625
0;354;0.848327696323395;7.50599755859375;84.6229296875
0;498;8.02417373657227;3.35410205078125;40.33423046875
0;341;0.616259396076202;1.36014709472656;14.778701171875
0;299;1.39713096618652;0.670820373535156;79.0398671875
0;364;1.42805409431458;5.4083271484375;27.1648671875
1;369;0.963990330696106;2.78926513671875;31.163599609375
0;407;0.598613440990448;1.06301452636719;18.25075390625
0;368;1.76705765724182;8.6683330078125;87.7880390625
0;340;0.610097765922546;0.670820373535156;18.24335546875
0;460;5.45773315429688;2.332380859375;30.3710390625
0;403;2.09692788124084;4.1;25.424791015625
0;350;1.3324419260025;6.7357255859375;91.488140625
0;382;3.41048860549927;4.02492236328125;48.657578125
1;284;6.5986156463623;0.538516479492188;7.91580712890625
1;272;2.40488815307617;0.424264068603516;20.4882890625
1;272;2.63473892211914;0.781024963378906;7.134423828125
0;409;0.739622592926025;0.3;49.00653125
0;358;1.80701231956482;12.955693359375;83.6432890625
0;488;2.10683083534241;2.92745629882812;7.33757470703125
0;353;2.01207637786865;10.2215458984375;75.3515078125
0;317;0.382689714431763;3.24499609375;52.4294765625
0;415;2.32892727851868;1.34164074707031;49.80291015625
0;342;1.98306834697723;11.4280361328125;81.7264921875
1;362;6.48591709136963;1.06301452636719;62.28748046875
0;289;0.568423986434937;11.6726171875;102.092359375
0;386;8.83214092254639;8.4717177734375;22.441478515625
0;305;1.39118409156799;3.573513671875;115.146953125
0;263;1.54490768909454;0.3;9.2
0;337;1.07631015777588;3.57770874023438;23.104111328125
0;343;0.315572947263718;2.28473193359375;90.2220078125
0;430;4.79393339157104;5.3037724609375;4.34165869140625
0;318;0.81838583946228;9.5273291015625;103.654859375
1;359;1.0043351650238;0.223606796264648;38.31996875
0;320;0.737181305885315;7.72334130859375;90.259234375
0;447;9.31763172149658;8.516455078125;3.22490307617188
1;283;1.10139119625092;7.68439990234375;1.1045361328125
0;465;4.3540301322937;6.45368115234375;5.0960771484375
0;468;6.97517919540405;1.30384045410156;26.6272421875
0;338;1.70651245117188;2.26274169921875;77.8339921875
0;325;2.13601803779602;5.2201533203125;3.1048349609375
0;353;6.0275673866272;4.318564453125;2.9
0;347;0.688207268714905;3.90512475585938;11.6
0;354;0.965396165847778;7.92022705078125;9.4868330078125
1;286;0.800196051597595;3.47131103515625;2.59422436523438
0;342;1.95871007442474;5.2430908203125;46.3
0;363;2.12722730636597;12.394353515625;78.272921875
0;450;3.99687528610229;3.22024853515625;34.2
1;280;1.9923849105835;2.15406591796875;8.5615419921875
0;329;0.753311336040497;3.60693774414062;51.26216796875
0;349;4.84777307510376;6.22896484375;32.017806640625
0;353;2.13445925712585;0.2;41.16175390625
0;329;1.29806518554688;6.0827626953125;116.1111953125
0;344;7.00579977035522;8.2758681640625;8.2346826171875
0;439;1.42106544971466;5.11077294921875;20.814658203125
0;491;1.58286821842194;6.90289794921875;7.28010986328125
0;352;1.00195384025574;12.3891083984375;5.0695166015625
0;296;1.60602557659149;3.80131567382812;1.9
0;307;1.82211375236511;0.447213592529297;77.7385390625
1;388;6.65542125701904;0.854400390625;18.7949453125
0;409;5.6316990852356;1.20415942382812;33.6689765625
0;475;3.26799488067627;3.72021508789062;19.114916015625
0;349;0.755390405654907;9.7020615234375;32.65287109375
0;404;1.69768917560577;9.90201953125;40.79534375
0;525;2.16686987876892;3.66742407226562;18.03607421875
0;324;4.27235889434814;6.503076171875;24.725087890625
0;429;1.03347826004028;6.7779052734375;0.806225769042969
1;339;1.15974533557892;11.8118583984375;46.6460078125
0;307;0.665373861789703;0.1;55.98803515625
0;319;2.70958065986633;1.52315466308594;56.0811015625
1;355;2.24512624740601;13.591173828125;15.1608046875
1;430;19.070972442627;4.00249926757812;14.2
0;345;0.740642547607422;6.70074609375;115.0833203125
1;490;1.25412940979004;1.82482873535156;9.5005263671875
0;395;9.370041847229;2.5;59.10414453125
0;457;7.97717809677124;2.57099194335938;30.285310546875
0;328;2.18936538696289;0.6;41.558875
0;269;1.06234991550446;0.282842712402344;4.47772265625
0;332;1.07374572753906;1.62788208007812;52.833703125
0;411;2.69027829170227;11.2445546875;13.64734375
0;331;1.60879957675934;2.3;105.6200703125
0;272;2.07875633239746;2.90688842773438;15.7289541015625
0;408;4.97476148605347;7.00927978515625;11.940267578125
0;461;1.64169049263;9.1923876953125;2.4041630859375
0;432;14.9133710861206;0.943398132324219;63.6
0;297;0.726097702980042;0.984885803222656;72.8371484375
1;283;1.61288118362427;5.3758720703125;3.16227758789062
0;323;0.521169424057007;1.33416638183594;109.7314921875
1;346;2.92827129364014;4.6;24.535076171875
1;272;4.34920454025269;1.56524755859375;8.8
0;371;1.73912918567657;3.96232250976562;63.00126953125
0;489;2.32429051399231;7.45251611328125;22.777181640625
1;292;2.75546503067017;7.50732958984375;10.9041279296875
0;436;6.0419397354126;2.92061645507812;19.542005859375
0;460;3.29561042785645;3.63593188476562;47.12589453125
0;489;0.750085949897766;5.75847216796875;12.731849609375
0;334;2.89375448226929;10.4923779296875;120.450359375
1;298;0.739473164081573;8.969392578125;5.7
1;284;1.18110144138336;3.80788647460938;9.482615234375
1;300;2.91813182830811;3.93192065429688;16.513025390625
1;377;2.85190463066101;0.412310577392578;28.14853515625
0;442;5.30881309509277;2.9732138671875;10.804166015625
0;315;2.09372687339783;0.2;19.574728515625
0;329;1.2959223985672;4.8466484375;24.64974609375
1;276;1.43245029449463;6.12943701171875;2.8
0;370;1.31277084350586;1.55241748046875;32.73194140625
0;306;1.74795889854431;0.3;79.622234375
0;357;2.13297462463379;6.67083203125;69.8
0;297;4.91103267669678;6.325345703125;12.1827744140625
0;371;0.679663896560669;6.53681884765625;6.85930029296875
0;329;1.76074945926666;5.13127685546875;102.1976484375
0;322;2.38521862030029;0.860232543945312;65.4
0;443;9.38466930389404;6.64830810546875;89.3722578125
0;537;3.47982811927795;3.67695532226562;29.18801171875
0;593;1.81362080574036;3.1;32.565626953125
0;499;2.93464708328247;1.99248583984375;38.81249609375
0;354;2.42456436157227;2.28254248046875;102.64234375
0;336;1.16916525363922;2.03960778808594;89.7441328125
0;364;8.4939432144165;7.30821435546875;2.3345234375
0;546;1.71774256229401;3.80131567382812;32.10140234375
0;361;6.99698448181152;2.57099194335938;55.0567890625
1;366;1.55365753173828;5.316013671875;41.1059609375
0;323;1.83720016479492;3.6;116.373921875
0;334;1.1478226184845;1.55241748046875;91.5478046875
0;420;6.30682563781738;4.5;44.8027890625
0;329;1.5373227596283;3.46698706054688;21.46671875
1;449;12.558632850647;4.8;39
0;358;3.23465442657471;2.624880859375;52.24758203125
0;378;1.84674763679504;3.0364453125;78.3633203125
0;331;3.11457419395447;12.3166552734375;9.7097890625
0;453;0.894457101821899;4.43846826171875;13.0049990234375
0;407;2.15146255493164;0.223606796264648;13.3600146484375
0;399;4.96331644058228;2.9120439453125;32.0744453125
0;360;7.20597124099731;1.55563488769531;4.6097724609375
0;286;0.804245948791504;5.56057568359375;12.872451171875
0;297;0.792778730392456;9.20869140625;99.4530078125
1;492;5.24870824813843;1.45602197265625;9.90201953125
0;364;1.84135007858276;7.574298828125;29.56771875
1;458;2.21778631210327;9.8812958984375;6.9426220703125
0;330;1.0261824131012;1.34536242675781;105.7877578125
0;371;3.89535975456238;6.7082041015625;20.884921875
0;351;1.59191977977753;1.20415942382812;31.71766015625
0;495;0.664539396762848;4.188078125;9.436630859375
0;373;1.43965244293213;11.68460546875;23.789283203125
0;444;8.41602611541748;8.5866171875;48.2199140625
0;558;1.00942671298981;11.3172431640625;34.7701015625
0;393;7.0892448425293;5.7314921875;28.25544140625
0;408;5.51449632644653;1.2;23.4648671875
0;390;0.745206952095032;4.40113623046875;18.11076953125
0;318;8.0158576965332;0.1;31.89388671875
0;495;3.90665721893311;0.141421356201172;26.27184765625
0;407;3.69100904464722;9.1214033203125;19.7
1;377;2.4709734916687;8.6145224609375;37.5598203125
0;437;0.672212541103363;6.57419189453125;41.0078046875
0;341;2.7646472454071;8.2710341796875;9.577578125
0;383;1.40761518478394;9.123595703125;25.15253515625
0;293;1.02740585803986;3.7589892578125;4.3931767578125
0;416;1.62975430488586;0.781024963378906;37.47666015625
0;433;2.5741138458252;2.70185131835938;10.5721328125
0;355;4.72732067108154;7.2006943359375;73.1623515625
0;331;0.350649505853653;2.10950219726562;85.610515625
0;420;7.4246301651001;3.22490307617188;2.9732138671875
0;375;1.54672276973724;10.54751171875;42.929828125
0;289;0.434296995401382;2.2;7.99061962890625
0;492;1.51775085926056;3.0066591796875;15.0562275390625
0;326;1.28481471538544;10.20783984375;82.2796484375
0;298;0.599621534347534;11.8258193359375;102.850234375
0;445;2.21986770629883;1.38924438476562;6.9
0;304;0.577260434627533;0.806225769042969;62.07551953125
1;286;7.7777042388916;0.640312438964844;19.791412109375
0;555;3.72077465057373;5.10881591796875;15.3707509765625
1;243;0.607412576675415;0.4;8.7143564453125
0;423;1.43407392501831;3.9;26.39412890625
0;419;4.31838226318359;6.209669921875;89.3303984375
0;331;2.25051975250244;6.89492578125;83.047578125
1;407;5.33869361877441;0.509901947021484;36.996890625
0;329;3.92187523841858;2.8;16.25423046875
0;333;1.12339413166046;6.4404970703125;83.4386015625
0;311;1.2021576166153;5.953990234375;86.156140625
0;307;4.14140462875366;7.99061962890625;12.1498974609375
0;302;2.44537115097046;4.52216748046875;0.360555114746094
0;408;7.27967834472656;12.1148671875;13.8812822265625
1;459;5.34961032867432;2.82311889648438;33.63866796875
0;363;6.62137222290039;2.70739721679688;44.09308203125
0;311;0.983826398849487;5.14198388671875;84.8203359375
0;359;3.91109919548035;9.800509765625;32.702447265625
0;346;1.40474498271942;8.200609375;71.857703125
0;332;2.34301662445068;4.27551171875;75.529203125
1;423;11.937403678894;1.97989904785156;35.16475390625
0;335;1.60050487518311;7.78973681640625;45.04686328125
0;502;4.35741329193115;1.91049731445312;13.601470703125
0;347;1.98156368732452;4.56070166015625;55.39404296875
0;312;1.32778537273407;1.9;62.2
0;372;0.66492223739624;6.4031240234375;26.001923828125
0;426;1.70911252498627;2.02237487792969;31.31788671875
0;305;1.66094028949738;0.3;109.0602109375
0;371;0.862630426883698;5.9;10.5
0;334;1.59255969524384;5.43783056640625;42.42228125
0;366;8.99151420593262;3.64005493164062;19.890953125
0;382;6.91752529144287;5.34509130859375;49.44137890625
0;280;1.47655820846558;4.69574267578125;11.2378828125
0;298;1.32132983207703;1.3;14.6
1;299;2.556485414505;3.89486840820312;1.61245153808594
0;375;6.25336265563965;8.6;0.424264068603516
0;365;1.00408923625946;4.2011904296875;56.32423828125
0;478;4.3280553817749;2.69258251953125;24.8032265625
0;378;2.2213020324707;11.1449541015625;39.02166015625
0;385;3.26377820968628;6.91230810546875;23.348232421875
0;357;0.882368564605713;4.80104150390625;42.24133203125
0;332;1.94770872592926;8.37615625;90.74453125
0;348;8.58662796020508;1.984943359375;94.127625
0;347;2.28590106964111;4.13400537109375;1.83847766113281
1;283;1.42909204959869;6.29682470703125;15.8344560546875
0;354;7.71491527557373;6.8680419921875;53.9957421875
0;317;1.03098964691162;1.70293859863281;75.163953125
0;339;4.60578489303589;3.53553393554688;70.528578125
1;363;1.32174921035767;3.63455639648438;40.69520703125
0;363;1.31443977355957;10.8074052734375;11.0494345703125
0;350;0.69682115316391;7.8;30.907927734375
0;318;2.03135228157043;3.89101538085938;52.23830078125
1;304;1.74484324455261;10.6508212890625;20.014244140625
0;380;1.18111491203308;6.43506005859375;30.710259765625
0;335;1.44877088069916;9.3471923828125;29.395578125
0;327;0.814933478832245;2.024845703125;42.90745703125
0;429;11.281476020813;7.6550634765625;56.90140625
0;338;0.556094825267792;8.417244140625;43.56144921875
0;373;2.99559688568115;5.103919921875;34.74147265625
0;442;7.71195411682129;8.28733984375;48.13688671875
0;433;5.85066318511963;5.18652099609375;78.88853125
0;403;2.03125524520874;2.02237487792969;58.0181015625
0;566;2.25442504882812;5.31413232421875;10.837435546875
0;394;3.86792778968811;6.05392431640625;34.7328359375
0;437;5.65694713592529;2.7;49.346328125
0;299;2.03184390068054;0.316227752685547;30.180291015625
0;378;8.63888072967529;1.83847766113281;35.19204296875
0;410;1.39455807209015;3.9;26.40681640625
0;310;1.01854276657104;10.8;60.20298828125
0;390;1.45594227313995;12.7941396484375;37.29075
0;290;2.10787892341614;9.765244140625;99.7886796875
0;413;3.93566799163818;4.554119140625;35.462234375
0;325;4.15702247619629;3.17647607421875;52.377953125
0;338;3.33618187904358;2.18403295898438;57.054796875
0;403;1.51910805702209;3.90128173828125;44.853984375
0;323;1.9484269618988;10.8673828125;52.34424609375
1;258;0.965408086776733;0.921954467773438;5.78013818359375
1;388;3.02701163291931;0.707106811523438;37.30375390625
0;386;6.81143951416016;9.2005439453125;33.68085546875
0;333;2.24097561836243;4.8104052734375;2.024845703125
0;422;8.32822895050049;1.1661904296875;45.500109375
0;333;3.67944478988647;14.26358984375;30.29273828125
1;390;1.56002759933472;3.2;6.00832763671875
0;441;7.4911994934082;3.4205263671875;19.18462890625
0;382;1.39601230621338;0.984885803222656;27.18253125
0;328;0.944839656352997;5.63205126953125;55.1609453125
1;404;5.79439735412598;5.269724609375;34.07873046875
0;364;6.78503894805908;4.02492236328125;54.76687109375
0;301;5.92139053344727;0.424264068603516;31.096140625
1;486;3.84939360618591;4.40113623046875;26.207060546875
0;337;2.33059883117676;3.93954321289062;42.09334765625
1;320;2.7389497756958;1.6;17.5524921875
0;371;5.45465707778931;4.74341650390625;52.1566875
0;360;1.280113697052;12.1264169921875;80.2099765625
0;310;3.63508796691895;1.74642492675781;105.5284765625
0;305;2.96843504905701;1.26491101074219;81.100921875
0;262;1.49444949626923;3.22800244140625;6.53758349609375
0;304;1.58437705039978;0.1;99.8040546875
1;308;1.21206402778625;11.2058017578125;1
1;348;6.66254854202271;11.5520556640625;30.675234375
0;379;7.19464349746704;1.56524755859375;51.404765625
0;335;2.49822759628296;8.10246875;72.858015625
0;307;0.88479870557785;1.7;97.226796875
0;390;7.5501914024353;2.96816430664062;15.9248232421875
0;363;2.05527114868164;4.34165869140625;22.8
0;321;0.715290725231171;9.4810341796875;32.78246484375
0;454;9.34584522247314;2.45153002929688;25.01859375
0;364;1.63228130340576;3.89486840820312;43.80011328125
0;354;2.39552307128906;8.273451171875;50.49524609375
0;347;2.45044898986816;10.6850361328125;4.0607880859375
0;428;12.0393199920654;1.62788208007812;30.44815234375
0;404;2.04695343971252;3.80788647460938;42.7
0;451;1.93787205219269;5.51543310546875;37.28484765625
0;349;1.64232957363129;9.00277734375;12.2800654296875
0;366;1.50222384929657;7.04911328125;7.4249580078125
1;299;2.61878156661987;2.98328686523438;5.7870546875
0;443;2.89736795425415;7.7698134765625;37.5170625
0;327;1.73635506629944;4.15932666015625;42.291015625
0;390;3.20768070220947;5.9135439453125;43.3129296875
0;322;1.02523219585419;4.8;61.6786015625
0;335;7.52868270874023;5.166236328125;27.610142578125
0;318;1.6411257982254;0.848528137207031;13.11258984375
0;338;2.99632358551025;0.447213592529297;57.1294140625
0;364;3.53956294059753;0.1;16.237302734375
0;356;0.523369371891022;2.90688842773438;64.28763671875
0;383;2.90972185134888;9.848857421875;1.52970581054688
0;332;3.29515552520752;5.5108984375;28.691810546875
0;402;1.28075933456421;7.0327802734375;18.121810546875
0;406;1.31635785102844;4.04969140625;12.226201171875
0;275;0.71378356218338;0.2;0.943398132324219
0;370;1.27065801620483;0.2;40.42301171875
0;359;1.66892790794373;7.69675244140625;43.35181640625
0;502;2.29864239692688;0;21.222865234375
0;301;1.77312815189362;5.92368115234375;17.750775390625
1;311;0.74458235502243;6.9404609375;2.44131103515625
0;352;9.24597072601318;4.5;9.1
0;341;2.48438954353333;13.2966162109375;29.008275390625
0;403;1.40361261367798;4.30116259765625;24.35775
0;363;1.04491996765137;0.360555114746094;9.6301611328125
0;386;1.51714837551117;1.236931640625;21.176638671875
0;378;1.68878304958344;7.2422373046875;27.932955078125
0;620;1.81515598297119;2.59422436523438;30.553068359375
0;401;2.58500385284424;6.1;25.90173828125
0;403;3.11139130592346;0.316227752685547;26.655205078125
1;268;1.53540515899658;0.1;13.8654248046875
0;371;1.35238492488861;4.51220556640625;15.43243359375
0;352;2.58269023895264;1.92353845214844;42.53010546875
0;377;2.05800867080688;5.94810888671875;6.45368115234375
0;322;0.358981728553772;8.8204306640625;2.1
0;376;4.31259918212891;6.68505810546875;78.1194609375
1;350;3.78767609596252;8.720091796875;46.6769765625
1;268;0.278495579957962;2;1.02956298828125
1;308;2.85088348388672;3.58050268554688;16.85022265625
0;422;17.9968147277832;7.10281640625;5.58659130859375
0;374;2.85098195075989;5.64003564453125;96.6335859375
1;300;2.29831552505493;6.6;6.8249541015625
0;407;0.946507394313812;2.10950219726562;15.192103515625
0;501;1.04099547863007;0.5;17.8213359375
0;449;3.98439407348633;11.2871611328125;9.4868330078125
1;315;0.755649089813232;4.9396357421875;25.564427734375
0;375;0.74131977558136;8.2492421875;29.72036328125
0;308;0.480729967355728;0.921954467773438;69.26478125
0;399;1.10760390758514;14.6123232421875;35.7896640625
0;360;0.937905848026276;4.82700732421875;64.10194921875
1;368;3.3712420463562;4.47772265625;4.62276953125
0;323;1.18467485904694;10.985900390625;40.17212890625
1;311;1.98559927940369;2.25610278320312;6.4660654296875
0;483;3.80151748657227;6.28012744140625;55.61087890625
1;352;3.29305410385132;8.9805341796875;49.03682421875
0;408;2.12263011932373;5.84123291015625;15.133076171875
1;370;2.1136474609375;6.14003271484375;36.2604453125
0;401;3.69506025314331;9.2800859375;6.85930029296875
0;476;3.00206971168518;4.39089990234375;27.408939453125
0;409;1.41905677318573;4.8;25.762375
0;292;1.83482217788696;6.109828125;22.825423828125
0;387;7.77850961685181;11.5801552734375;30.464734375
0;353;2.10603952407837;5.360037109375;7.50599755859375
0;392;4.47579479217529;8.2292158203125;39.3
0;343;0.871594548225403;1.61554943847656;30.6243359375
0;344;0.470795512199402;2.88444091796875;51.24890234375
0;340;1.69000113010406;5.954830078125;53.991203125
0;365;0.667665719985962;3.488552734375;54.232921875
0;425;1.85801780223846;1.14017541503906;54.657203125
1;372;0.87029504776001;14.7078212890625;8.514693359375
0;324;1.2438417673111;7.6321689453125;71.8348828125
0;345;0.985088706016541;6.7119296875;118.6
0;341;1.43753910064697;6.64830810546875;46.7115625
0;335;2.03202271461487;3.45398315429688;83.9738671875
0;328;1.12715923786163;7.48131005859375;65.3838671875
0;305;2.87163996696472;7.96492333984375;8.94706640625
0;314;1.53281331062317;0.5;69.0973984375
0;327;1.05506014823914;1.58113879394531;45.22322265625
0;345;1.52495908737183;4.5044423828125;57.00754296875
0;363;3.52432465553284;16.720046875;14.1823837890625
0;349;1.25741481781006;3.71214233398438;17.123375
0;339;2.40260362625122;4.7413076171875;19.6
0;331;1.39693415164948;3.81182373046875;55.283453125
0;441;1.44042313098907;0;15.3935048828125
0;428;4.59483098983765;7.8721025390625;29.14961328125
0;370;8.44309043884277;2.64007568359375;20.403921875
0;436;2.05087924003601;2.8;7.6661591796875
0;325;1.50777912139893;1.33416638183594;101.4
0;279;0.0805769562721252;0;6.4513564453125
0;296;0.520536661148071;0.1;22.94907421875
0;319;1.50130021572113;1.34164074707031;20.66034765625
0;419;3.35437226295471;6.35059033203125;58.6
0;294;2.51277995109558;2.90688842773438;11.4284736328125
0;333;1.96933162212372;1.4;72.86590625
0;370;2.06117415428162;0.6;35.654453125
0;323;1.27511644363403;5.70701318359375;118.853859375
0;417;2.55509090423584;0.5;6.1
0;352;0.911094009876251;10.9224541015625;63.69882421875
0;346;1.00052332878113;0.1;8.88144140625
0;394;2.5639226436615;4.73814306640625;23.420076171875
0;362;3.09554839134216;3.7;72.3660859375
0;537;3.37095713615417;1.3928388671875;25.7001953125
0;344;1.10488402843475;11.1198017578125;80.4018046875
0;520;1.04369854927063;1.36014709472656;28.6
0;362;1.40695524215698;6.9656298828125;66.2281640625
1;394;3.76492595672607;4.02243701171875;27.62480859375
0;510;1.25261831283569;5.5470712890625;30.096013671875
0;403;3.0812554359436;4.42831787109375;10.0044990234375
1;286;3.26564955711365;0.806225769042969;6.382005859375
1;291;1.23387944698334;2.44131103515625;14.277955078125
1;372;1.15393495559692;2.91547583007812;27.288275390625
0;349;1.67271161079407;5.5;26.1
0;491;3.66141438484192;5.64358056640625;10.1833193359375
1;389;3.33252048492432;3.57770874023438;35.9089140625
1;274;0.520984411239624;3.1780498046875;4.90306005859375
0;483;4.18264722824097;1.41421362304688;29.2405546875
0;493;7.118736743927;3.828837890625;58.71439453125
1;362;8.34811019897461;8.03243408203125;4.13400537109375
0;357;4.2927303314209;13.7083916015625;18.607794921875
0;551;2.89242339134216;3.4205263671875;21.780724609375
1;390;0.684305429458618;1.80277563476562;47.6
0;452;19.0671730041504;7.648529296875;41.268875
0;373;5.40868043899536;5.0566787109375;34.58800390625
0;384;0.399311065673828;5.02195166015625;21.284970703125
0;379;1.78500199317932;8.17435009765625;29.200685546875
0;342;1.81861352920532;4.1976181640625;75.69709375
1;423;0.919497489929199;3.661966796875;0.1
0;315;1.71047866344452;5.4;10.290287109375
0;391;0.86903190612793;2.332380859375;4.5254833984375
1;340;5.63907098770142;0.4;18.5884375
0;366;1.16104626655579;0.9;17.560181640625
0;310;1.25316715240479;8.6833173828125;5.94810888671875
1;364;1.05890679359436;6.76756982421875;48.08825390625
0;371;11.2469205856323;8.02246826171875;22.706828125
0;307;0.970097541809082;1.67630541992188;89.5055859375
0;325;1.8761670589447;6.8680419921875;86.8990234375
0;385;1.25533008575439;1.2;35.3411953125
1;394;2.81159043312073;11.0367568359375;2.25610278320312
0;375;1.41438484191895;9.4047861328125;11.496521484375
0;323;3.04686188697815;6.5513359375;14.9723076171875
0;392;9.45890808105469;2.080865234375;47.50094921875
0;346;0.168562918901443;2.21359448242188;14.3
0;292;1.90139722824097;1.20830456542969;32.411880859375
1;326;0.871030330657959;1.72626770019531;11.0571240234375
0;263;1.92254960536957;0.3;5.90592919921875
0;274;1.00841629505157;0.2;5.44518115234375
0;336;1.70600485801697;2.30867919921875;59.49596484375
0;349;0.410870432853699;4.34165869140625;9.5801875
0;551;4.352698802948;4.94974755859375;36.317625
0;391;5.9073166847229;5.412947265625;33.18373046875
1;341;2.5755398273468;9.1782353515625;46.51719921875
0;338;1.54760074615479;3.4205263671875;60.8911328125
1;319;1.34684312343597;6.7896982421875;21.51487890625
0;317;1.86630713939667;12.6589892578125;4.3
0;426;3.08051919937134;5.185556640625;42.8001171875
0;376;2.64011573791504;1.94164880371094;26.407005859375
0;379;1.38464224338531;11.3454833984375;37.077890625
0;348;1.91991496086121;0.223606796264648;68.35334375
0;322;1.28069984912872;9.8249677734375;59.3559609375
0;333;0.728188872337341;2.69258251953125;62.8334296875
0;293;1.01429867744446;10.501904296875;100.2389609375
1;292;1.87519681453705;5.2354560546875;10.208330078125
0;505;2.48468852043152;9.03769921875;30.391611328125
0;391;5.28247547149658;3.89101538085938;11.18033984375
1;313;5.92101287841797;8.5615419921875;3.17647607421875
0;335;2.29235935211182;6.10737255859375;71.3395390625
1;377;2.09847927093506;7.9309521484375;0.761577331542969
0;308;1.14331781864166;2.332380859375;104.19990625
0;326;4.59193420410156;8.9358828125;28.87801953125
0;392;2.63863015174866;1.20415942382812;23.110603515625
1;309;2.60426902770996;12.5;4.7
0;419;2.22275233268738;5.1351728515625;9.3471923828125
0;433;4.56121921539307;5.31507275390625;14.4931015625
0;435;5.21363592147827;4.00124975585938;15.427572265625
0;358;1.99371802806854;3.41320971679688;85.816375
0;541;6.56698942184448;4.6010869140625;9.47048046875
0;356;1.69600653648376;4.99799951171875;40.87052734375
0;333;1.40082895755768;10.0169853515625;20.2800390625
0;331;2.91983604431152;0.412310577392578;41.7633828125
0;360;0.793749332427979;11.761802734375;4.669046875
0;301;0.818859994411469;11.0909873046875;105.3448125
0;364;0.783428549766541;7.69415380859375;83.2265
0;323;1.51815247535706;2.74590600585938;30.173166015625
0;338;6.78752183914185;0.2;15.3473125
1;248;1.6942480802536;1.11803393554688;2.8
0;337;2.3055853843689;1.83847766113281;6.7896982421875
0;342;2.63187837600708;4.96487646484375;99.67396875
0;348;0.95455938577652;1.07703295898438;70.1023515625
0;392;1.73894536495209;7.4027021484375;14.5003447265625
0;353;9.40514469146729;9.5131484375;17.9011171875
0;309;0.812781751155853;2.080865234375;94.8376015625
0;341;0.463775515556335;9.26552734375;30.1956953125
0;481;0.870044767856598;9.9624296875;30.561740234375
0;432;2.09255480766296;10.1118740234375;4.68614990234375
0;265;1.11188459396362;0.1;3.02324340820312
0;356;1.64805209636688;8.5562841796875;32.74416015625
0;361;2.05104804039001;3.89486840820312;25.5970703125
0;323;2.91057586669922;10.688779296875;8.0131142578125
0;266;1.04436874389648;1.47648229980469;2
0;545;8.44407081604004;4.6097724609375;22.900873046875
0;358;3.00229573249817;1.236931640625;22.8652578125
1;341;2.1127450466156;5;37.1102421875
0;430;1.24197137355804;5.178802734375;15.6894873046875
0;327;1.15741407871246;12.3328828125;37.7
0;386;11.9775762557983;16.786900390625;15.04559765625
1;375;0.735500752925873;5.67538525390625;18.24390234375
1;315;1.45913100242615;3.22490307617188;57.8418515625
0;415;2.68835830688477;7.42428466796875;15.160474609375
0;535;3.73962736129761;4.42718896484375;11.1036025390625
0;423;3.84190464019775;3.73630834960938;14.747203125
0;482;4.61920118331909;5.189412109375;23.74889453125
0;330;5.15455913543701;2.8;112.7622734375
0;416;1.76343262195587;7.20347119140625;1.9
1;363;1.25359630584717;5.20096142578125;41.29309765625
0;326;0.858936727046967;2.1213203125;59.61417578125
0;554;4.66106081008911;3.19530908203125;33.3109609375
0;339;0.742880582809448;1.34164074707031;80.6861171875
1;383;2.75659322738647;6.48459716796875;24.8243828125
1;311;1.8335565328598;4.01123413085938;17.81263671875
0;328;1.09549105167389;8.4;34.10835546875
